1
0.987688340623216
0.951056516406084
0.891006524432828
0.809016994796953
0.707106781821139
0.587785253163734
0.453990500859032
0.309016995740586
0.15643446663575
1.79489673696541e-09
-0.156434463090152
-0.30901699232649
-0.453990497660503
-0.58778525025953
-0.707106779282772
-0.809016992686925
-0.891006522803095
-0.951056515296777
-0.987688340061649
-1
-0.987688341184783
-0.951056517515392
-0.89100652606256
-0.809016996906981
-0.707106784359506
-0.587785256067938
-0.453990504057562
-0.309016999154682
-0.156434470181346
-5.38469021089623e-09
0.156434459544555
0.309016988912393
0.453990494461973
0.587785247355326
0.707106776744405
0.809016990576898
0.891006521173364
0.95105651418747
0.987688339500081
1.0
0.987688341746351
0.951056518624698
0.891006527692292
0.809016999017009
0.707106786897874
0.587785258972143
0.453990507256091
0.309017002568779
0.156434473726943
8.97448279664863e-09
-0.156434455998958
-0.309016985498297
-0.453990491263445
-0.587785244451122
-0.707106774206037
-0.80901698846687
-0.891006519543632
-0.951056513078163
-0.987688338938514000
-01.000000000000
-0.987688342307918
-0.951056519734006
-0.891006529322024
-0.809017001127036
-0.707106789436241
-0.587785261876346
-0.453990510454621
-0.309017005982876
-0.156434477272541
-1.25642771587579e-08
0.156434452453361
0.309016982084201
0.453990488064915
0.58778524154692
0.70710677166767
0.809016986356842
0.891006517913899
0.951056511968855
0.987688338376946
